[ 0.06667113  0.00664496  0.00504541  0.00399852]
[ 0.00448704  0.00475144  0.00492716  0.0042944 ]
[ 0.00476933  0.00460577  0.0059793   0.00427699]
[ 0.00446701  0.00463414  0.00566006  0.00510359]
[ 0.00494123  0.0052619   0.00477576  0.0047369 ]
[ 0.00470805  0.00454974  0.00460768  0.00440383]
[ 0.00416851  0.00398088  0.00391436  0.00379944]
[ 0.0046258   0.00519872  0.00423861  0.00406194]
[ 0.00469351  0.00426054  0.00451732  0.00513482]
[ 0.00549197  0.00504971  0.00456071  0.0045464 ]
